1
0 97 0 1 1 82
0 14 0 1 1 10
0 120 0 1 1 123
0 89 0 1 1 85
0 86 0 1 1 86
0 39 0 1 1 42
0 101 0 1 1 96
0 28 0 1 1 53
0 83 0 1 1 97
0 48 0 1 1 55
0 106 0 1 1 101
0 2 0 1 1 4
0 107 0 1 1 102
0 40 0 1 1 58
0 96 0 1 1 103
0 33 0 1 1 59
0 47 0 1 1 60
0 119 0 2 1 116 2 77
0 46 0 2 2 26 1 68
0 118 0 1 1 119
0 115 0 1 2 80
0 60 0 1 2 30
0 79 0 1 2 83
0 94 0 1 2 86
0 93 0 1 2 87
0 17 0 1 2 35
0 117 0 1 3 70
0 25 0 1 3 34
0 70 0 1 3 71
0 8 0 1 3 12
0 76 0 1 3 74
0 51 0 1 3 35
0 34 0 1 3 38
0 114 0 2 2 108 3 80
0 24 0 2 2 57 3 42
0 62 0 1 1 71
0 23 0 1 2 74
0 35 0 1 2 75
0 7 0 1 3 4
0 127 0 1 3 128
1 305 0 1 1 312
1 341 0 1 1 425
1 215 0 1 1 184
1 186 0 1 1 190
1 342 0 1 1 433
1 343 0 1 1 434
1 225 0 1 1 226
1 344 0 1 1 486
1 345 0 1 1 488
1 51 0 1 1 53
1 222 0 1 1 231
1 346 0 1 1 495
1 347 0 1 1 496
1 241 0 1 1 240
1 355 0 1 1 508
1 303 0 1 1 313
1 249 0 1 1 242
1 372 0 1 1 510
1 248 0 1 1 244
1 373 0 1 1 512
1 244 0 1 1 248
1 422 0 1 1 515
1 421 0 1 1 517
1 419 0 1 1 518
1 69 0 1 1 65
1 462 0 2 1 556 2 348
1 286 0 1 1 295
1 463 0 1 1 577
1 289 0 1 2 197
1 288 0 1 1 298
1 464 0 1 1 579
1 466 0 1 2 360
1 468 0 1 2 361
1 65 0 1 1 76
1 295 0 1 2 204
1 208 0 1 2 209
1 459 0 1 2 377
1 475 0 1 2 379
1 207 0 1 2 214
1 526 0 1 3 355
1 285 0 1 3 158
1 528 0 1 3 356
1 168 0 1 3 163
1 531 0 1 3 358
1 530 0 1 3 359
1 170 0 1 3 165
1 514 0 1 3 368
1 515 0 1 3 369
1 283 0 1 3 178
1 520 0 2 3 390 2 471
1 521 0 1 3 391
1 52 0 1 1 96
1 71 0 1 1 118
1 70 0 1 1 125
1 420 0 1 1 583
1 121 0 1 1 127
1 356 0 1 1 584
1 112 0 1 2 99
1 115 0 1 2 102
1 549 0 1 2 548
1 474 0 1 2 550
1 41 0 1 2 114
1 479 0 1 2 551
1 38 0 1 3 87
1 83 0 1 3 91
1 21 0 1 3 102
1 534 0 1 3 550
1 332 0 1 3 352
1 331 0 1 3 354
1 80 0 1 3 157
1 553 0 1 2 565
1 275 0 1 2 327
1 18 0 1 2 188
1 555 0 1 1 589
1 23 0 1 1 154
1 473 0 1 2 567
1 42 0 1 2 189
2 214 0 1 1 326
2 215 0 1 1 338
2 216 0 1 1 439
2 217 0 1 1 441
2 218 0 1 1 460
2 234 0 1 1 487
2 261 0 1 1 494
2 346 0 1 1 501
2 352 0 1 1 502
2 414 0 1 1 614
2 415 0 1 1 616
2 418 0 1 2 233
2 424 0 1 1 621
2 432 0 1 2 265
2 523 0 1 3 227
2 527 0 1 3 230
2 503 0 1 3 241
2 510 0 1 3 283
2 547 0 1 1 680
2 548 0 1 1 687
2 343 0 1 1 694
2 553 0 1 1 696
2 638 0 1 2 570
2 640 0 1 2 571
2 441 0 1 2 588
2 678 0 1 3 579
2 673 0 1 3 583
2 520 0 1 3 602
2 687 0 1 1 745
2 697 0 1 2 707
2 531 0 1 3 700
2 683 0 1 3 703
2 715 0 1 2 734
2 716 0 1 2 738
2 722 0 1 1 760
2 725 0 1 1 761
2 430 0 1 2 747
2 438 0 1 2 748
