1
0 107 0 1 3 114
0 105 0 1 3 115
0 106 0 1 3 116
0 104 0 1 3 117
0 109 0 1 1 161
0 108 0 1 1 164
0 113 0 1 1 165
0 110 0 1 1 166
0 112 0 1 1 167
0 111 0 1 1 168
0 131 0 1 1 175
0 130 0 1 1 176
0 133 0 1 3 129
0 132 0 1 3 130
0 101 0 3 2 192 1 177 3 139
0 102 0 3 2 193 1 178 3 140
0 103 0 3 2 194 1 179 3 142
0 142 0 1 3 143
0 99 0 2 1 180 3 146
0 71 0 2 1 90 3 60
0 146 0 1 3 147
0 94 0 1 1 121
0 95 0 1 1 181
0 100 0 1 1 182
0 147 0 1 1 183
0 88 0 3 3 82 2 125 1 122
0 82 0 1 3 94
0 148 0 1 3 150
0 78 0 1 3 96
0 17 0 1 3 16
0 25 0 1 3 45
0 33 0 1 3 48
0 86 0 1 1 135
0 80 0 1 1 136
0 83 0 1 1 137
0 54 0 1 1 48
0 16 0 1 1 39
0 55 0 1 1 49
0 89 0 1 1 138
0 143 0 1 3 151
0 24 0 1 3 56
0 73 0 1 3 77
0 70 0 1 3 78
0 96 0 1 1 200
0 97 0 1 1 201
0 62 0 1 1 98
0 64 0 1 1 99
0 58 0 1 1 100
0 60 0 1 1 105
0 45 0 1 1 55
0 5 0 1 1 27
0 75 0 1 3 79
0 10 0 1 3 9
0 98 0 1 1 255
1 276 0 1 3 314
1 274 0 1 3 316
1 272 0 1 3 319
1 273 0 1 3 320
1 275 0 1 3 321
1 277 0 1 1 407
1 278 0 1 1 413
1 284 0 1 1 414
1 282 0 1 1 415
1 285 0 1 1 421
1 280 0 1 1 423
1 283 0 1 1 424
1 279 0 1 1 425
1 281 0 1 1 426
1 351 0 1 1 451
1 353 0 1 1 452
1 352 0 1 1 453
1 354 0 1 1 458
1 355 0 1 3 371
1 361 0 1 3 374
1 358 0 1 3 375
1 356 0 1 3 376
1 264 0 3 2 504 1 461 3 394
1 265 0 3 1 462 2 507 3 401
1 406 0 1 3 402
1 407 0 1 3 404
1 267 0 2 1 464 3 417
1 269 0 2 1 465 3 418
1 420 0 1 3 419
1 421 0 1 3 421
1 262 0 1 1 467
1 270 0 1 1 468
1 422 0 1 1 470
1 423 0 1 1 471
1 424 0 1 1 472
1 271 0 3 1 473 2 515 3 429
1 227 0 1 3 248
1 425 0 1 3 526
1 429 0 1 3 527
1 430 0 1 3 531
1 428 0 1 3 532
1 431 0 1 3 533
1 432 0 1 3 539
1 433 0 1 3 542
1 434 0 1 3 545
1 435 0 1 3 547
1 438 0 1 3 555
1 204 0 1 3 257
1 440 0 1 3 557
1 441 0 1 3 559
1 28 0 1 3 97
1 442 0 1 3 560
1 443 0 1 3 568
1 54 0 1 3 106
1 444 0 1 3 570
1 445 0 1 1 541
1 446 0 1 1 612
1 223 0 1 1 332
1 253 0 1 1 334
1 447 0 1 1 615
1 448 0 1 1 616
1 449 0 1 1 617
1 146 0 1 1 64
1 450 0 1 1 618
1 452 0 1 1 619
1 129 0 1 1 67
1 457 0 1 1 622
1 456 0 1 1 623
1 228 0 1 1 336
1 467 0 1 1 624
1 468 0 1 1 626
1 250 0 1 1 339
1 494 0 1 1 627
1 491 0 1 1 628
1 408 0 1 3 643
1 411 0 1 3 644
1 483 0 1 3 649
1 585 0 1 1 667
1 492 0 1 1 671
1 258 0 1 1 674
1 586 0 1 1 675
1 256 0 1 1 690
1 587 0 1 1 691
1 154 0 1 1 234
1 156 0 1 1 252
1 592 0 1 1 732
1 594 0 1 1 733
1 593 0 1 1 734
1 151 0 1 1 255
1 97 0 1 1 90
1 589 0 1 1 740
1 595 0 1 1 741
1 597 0 1 3 691
1 410 0 1 3 692
1 599 0 1 3 694
1 600 0 1 3 696
1 198 0 1 3 202
1 606 0 1 3 697
1 194 0 1 3 206
1 607 0 1 3 699
1 609 0 1 3 700
1 155 0 1 1 256
1 613 0 1 1 742
1 51 0 1 3 141
1 584 0 1 3 701
1 625 0 1 3 702
1 627 0 1 3 703
1 186 0 1 3 207
1 632 0 1 3 705
1 26 0 1 3 143
1 184 0 1 3 208
1 635 0 1 3 706
1 257 0 1 1 743
1 525 0 1 1 744
1 213 0 1 3 259
1 207 0 1 1 343
1 458 0 1 1 781
1 588 0 1 1 784
1 128 0 1 1 95
1 259 0 1 1 1023
1 260 0 1 1 1025
1 261 0 1 1 1027
1 263 0 1 1 1035
1 266 0 1 1 1053
1 268 0 1 1 1056
1 178 0 1 1 289
1 248 0 1 1 379
2 168 0 1 3 226
2 169 0 1 3 227
2 170 0 1 1 262
2 171 0 1 1 269
2 172 0 1 1 275
2 173 0 1 1 276
2 252 0 1 1 308
2 253 0 1 1 314
2 258 0 1 3 296
2 260 0 1 3 298
2 324 0 1 3 318
2 337 0 1 3 333
2 338 0 1 1 326
2 339 0 1 1 327
2 344 0 1 3 528
2 343 0 1 3 536
2 345 0 1 3 538
2 346 0 1 3 556
2 347 0 1 3 560
2 348 0 1 3 565
2 353 0 1 3 581
2 355 0 1 3 586
2 356 0 1 3 588
2 358 0 1 3 607
2 359 0 1 1 580
2 360 0 1 1 582
2 364 0 1 1 584
2 371 0 1 1 589
2 389 0 1 1 591
2 390 0 1 1 593
2 435 0 1 1 597
2 498 0 1 1 599
2 328 0 1 3 761
2 647 0 1 1 662
2 648 0 1 1 665
2 655 0 1 1 795
2 653 0 1 1 798
2 660 0 1 1 816
2 656 0 1 1 817
2 663 0 1 3 869
2 327 0 1 3 871
2 667 0 1 3 877
2 668 0 1 3 878
2 682 0 1 3 882
2 685 0 1 3 892
2 686 0 1 3 893
2 687 0 1 1 818
2 696 0 1 1 819
2 693 0 1 1 820
2 716 0 1 3 895
2 719 0 1 3 898
2 734 0 1 3 903
2 731 0 1 3 905
2 738 0 1 3 909
2 741 0 1 3 910
2 413 0 1 3 917
2 430 0 1 1 828
2 436 0 1 1 831
2 496 0 1 1 835
2 494 0 1 1 836
2 411 0 1 3 936
2 445 0 1 3 1087
2 361 0 1 1 890
2 370 0 1 1 897
2 372 0 1 1 912
2 649 0 1 1 917
2 650 0 1 1 989
2 357 0 1 3 1207
2 162 0 1 1 1318
2 163 0 1 1 1327
2 164 0 1 1 1342
2 165 0 1 1 1348
2 166 0 1 1 1354
2 167 0 1 1 1370
